35.89460580461987 -48.64704575179181 33
-57.450976930927276 -32.35907820636358 41
33.52782678320048 55.38200684538041 51
11.01511992732416 -48.923773144389386 63
56.27216087714143 -21.786781091331807 67
54.71074913996223 -5.607272074728718 71
-54.119729498019446 -15.703842723211014 75
-69.27775343516777 -19.706818431616334 77
-35.18010341031053 -44.04270601904608 79
-41.06542365115954 -59.75041417653376 81
-19.603701081404076 -44.59976257346556 85
48.43126972122452 19.018056950356126 87
64.66823932376049 24.77002698757873 89
50.091656888418996 36.965596027897284 91
38.44924257046848 24.16963753340853 93
22.155505890350863 60.17341653196392 95
11.99733171913546 70.28915317558923 97
-21.165173551746932 53.33447545504728 99
-34.779001124247486 62.568257091053376 101
-47.71202634977496 45.98572175961109 103
-34.25793386403417 43.264150661261304 105
-50.92327628190522 25.0018452778962 107
-67.80712204651557 25.45940587794267 109
-57.756593436835274 8.0481543816375 111
-39.08826585064342 18.758570863195875 113
17.393899083139353 -72.95361875462822 115
24.79219343882835 -59.760574749008256 117
70.7228460565124 -21.364274322063423 119
79.21249042001773 -12.320834154149328 121
40.8758657116094 -18.531093778043346 123
28.26340303395372 -18.167167740903132 125
-12.769282001807989 -76.55203584378103 127
-20.029488760417948 -62.47077264401361 129
10.973633243269258 -13.246487921464857 130
-10.095216290515085 -16.23309091734432 131
10.155894283305726 16.48543557550082 132
-11.85275146153444 13.740417458809059 133
22.844595429130628 -26.90253814710666 134
31.105673251407158 -15.587165128906523 135
-32.2381595421681 -23.10634917053953 136
-21.037969436759482 -31.068554167053563 137
28.559111915290195 24.431910306256928 138
21.163900765563145 34.422493782078874 139
-26.949357266420527 26.5429171885534 140
-32.31440004125167 17.159170105491896 141
22.314696761301292 -42.362651103983545 142
29.818265088171305 -42.97957310153771 143
47.13591240574557 -16.03047437181543 144
42.748205969650755 -12.425409133570156 145
-50.030409117254166 -22.073501583285314 146
-50.86843171711665 -28.052797356377003 147
-27.1659609157995 -43.94803859716521 148
-19.071483923389415 -43.9881620445581 149
43.46895716243445 24.800484407196265 150
38.391236714182156 28.44645367108346 151
27.771919873857662 50.62806162926826 152
19.777143659057202 52.08586077840797 153
-29.43316488542204 42.354910098032754 154
-34.19711267747395 37.91717109187988 155
-47.56357458212572 19.04097055332803 156
-42.94176054807737 14.352037342425351 157
15.951294539102001 -48.16848745053643 158
20.340678114852523 -53.64240150448718 159
55.13995283617838 -19.583187710039667 160
62.40932667014947 -15.693340937214796 161
49.97154053149397 -7.888367963492849 162
40.88697058410804 -13.1189264572857 163
-54.94733061461088 -18.052164691695605 164
-62.526342583185034 -20.053652545898267 165
-33.813259474710364 -46.133928356979006 166
-36.75591959513487 -53.98778243572285 167
-15.094735036796022 -57.72094367439216 168
-17.930581317847057 -46.452580081581644 169
49.28137439106224 21.36303815161822 170
57.399859192330226 24.239023170229522 171
45.033847526407186 33.98277695427599 172
39.21264036743193 27.584797707031615 173
19.846890121975214 59.23551083781187 174
14.76780303636751 64.29337915962452 175
-24.919145856409422 51.219648095812055 176
-31.7260596426597 55.836538913815104 177
-42.956520047475344 43.10753224194109 178
-36.22947380460495 41.746746692766195 179
-52.56356414336109 23.12314054559329 180
-61.00548702566627 23.351920845616526 181
-51.358408686777764 9.957361886561262 182
-42.02424489368184 15.31257012734045 183
18.59389308098228 -66.41261000345955 184
22.293040258826778 -59.81608800064957 185
70.766877300798 -17.685680933872742 186
75.01169948255067 -13.163960849915695 187
38.70873747839988 -17.299741420178883 188
32.40250613957205 -17.117778401608774 189
-13.350645260554998 -71.84426280143381 190
-16.980748639859975 -64.8036312015501 191
