13.4166174905 -58.7303991297 31
-27.444477605 59.9747006207 57
31.5236911518 -66.3912894292 63
32.0650137148 -51.9301851235 65
53.2965689868 -43.2857005081 67
65.9683030773 -40.6627200232 69
35.5884293955 -28.5155477061 73
-42.6974768483 -6.25090449559 75
-63.5505051036 -14.1577084685 77
-55.2550230347 -22.983958432 79
-66.105125971 -36.3871380264 81
-36.6008307749 -40.6670607907 83
-43.6381473281 -56.2915672402 85
-24.9996649375 -55.0560488079 87
-18.3006821495 -53.3452457509 89
54.7513264458 8.86992331732 91
70.9232184004 10.9087746766 93
68.5258392175 30.1684701614 95
58.5090160069 31.9718947614 97
41.1316809102 57.0017212582 99
30.7968774691 51.7824611697 101
15.6308399077 58.5822524478 103
-24.7995713425 40.7685347637 107
-13.884549471 57.9821284426 109
-42.6238000891 49.9739376292 111
-51.2080289964 56.8876737 113
-58.2217342825 25.4560246281 115
-51.3561265284 21.2974062927 117
71.5210811511 -20.9542193426 119
54.6213121514 -23.1882195582 121
8.26615621253 38.6014664079 123
1.82510425691 33.7645074647 125
11.3144542581 -15.8068819279 126
-11.2274423829 -14.6773308552 127
10.954755511 14.2995124664 128
-9.9608420167 16.8677320535 129
22.6231941615 -32.7202762444 130
31.6839005355 -23.5953619651 131
-31.7766870831 -20.2721769107 132
-24.3605248313 -28.1144773655 133
33.5398056021 19.1796081847 134
22.464555318 26.5041195512 135
-20.1216080471 32.4137945688 136
-28.4874777877 27.6109818076 137
18.0170486487 -51.2785938813 138
24.91340962 -48.4307703002 139
47.0367403805 -31.0427101381 140
44.0861540203 -23.5844584562 141
-44.0266990249 -18.806176034 142
-47.4920820934 -24.4907233882 143
-30.5119083582 -41.0838349895 144
-24.2815643583 -41.5904816536 145
51.0937968697 16.5378635938 146
50.8766980746 23.5631025311 147
27.4212883319 40.6576996226 148
20.9711079104 37.1984410971 149
-18.386410823 43.0065276606 150
-23.8830048329 50.5334128256 151
-40.5346400299 38.3357403777 152
-42.1376968087 28.512776339 153
29.3665152924 -59.7130206983 154
29.6371765739 -52.4824685455 155
53.3155785966 -39.897080355 156
59.6514456418 -38.5855901125 157
53.1979535069 -21.181957698 158
41.5109224407 -25.053752272 159
-44.8261927488 -11.3367822263 160
-55.2527068764 -15.2901842128 161
-54.5703489106 -25.3878565487 162
-59.9954003787 -32.0894463459 163
-35.6792412973 -42.9802188746 164
-39.1978995738 -50.7924720993 165
-23.6483143786 -50.6813595474 166
-20.2988229846 -49.8259580189 167
55.8844100015 11.0927295342 168
63.9703559788 12.1121552138 169
62.5545675923 28.7672418935 170
57.546155987 29.6689541935 171
36.47732898 51.953953167 172
31.3099272595 49.3443231227 173
17.2767280573 49.2849602363 174
15.6219905972 40.7506946225 175
-20.6254304639 42.8447325272 176
-15.1679195281 51.4515293667 177
-43.3199043034 47.5794594382 178
-47.612018757 51.0363274736 179
-52.7219281788 25.497538899 180
-49.2891243018 23.4182297313 181
65.2417863396 -20.8630889503 182
56.7919018397 -21.980089058 183
10.2937606 40.0575938141 184
7.07323462223 37.6391143425 185
